        2.948999881744385      0.01927627442158118    0.0004100782489989467
        3.049000024795532      0.01225953737788267    0.0003259258851869233
        3.161999940872192     0.009597647128758413    0.0001257857068300257
        3.253999948501587     0.005683987746425159    9.783995090823643e-05
        3.351999998092651     0.004006147313043456    7.964294767370108e-05
        3.448999881744385     0.004678433092943847    4.666284100724794e-05
        3.549999952316284     0.004337920415412204    4.593021388781287e-05
        3.651999950408936     0.004113634368623322    4.135804073473559e-05
        3.747999906539917     0.004257888301435303    3.517474026077686e-05
        3.849999904632568     0.004000586633797828    3.642081598667681e-05
        3.953000068664551     0.003824447114780587    3.234769320987233e-05
        4.050000190734863     0.003689785210828231    2.940736670470307e-05
        4.150000095367432     0.003569418137453950    3.044878403195980e-05
        4.251999855041504     0.003527606655754495    2.894924280279097e-05
        4.349999904632568     0.003604847743262195    2.732604947928031e-05
        4.448999881744385     0.003621285511111985    2.926471981734224e-05
        4.550000190734863     0.003527710150894264    2.701423654676372e-05
        4.649000167846680     0.003654460458018721    2.643881462099128e-05
        4.750000000000000     0.003784075411822963    2.864716255424876e-05
        4.850999832153320     0.003817048746413389    2.720357630657398e-05
        4.949999809265137     0.003978384477707569    2.690758989643398e-05
        5.051000118255615     0.003982394572815096    2.928320647743995e-05
        5.151000022888184     0.004026497133616453    2.645708415259269e-05
        5.249000072479248     0.004018320140094721    2.735908507421610e-05
        5.349999904632568     0.003921601297935215    2.790761264619337e-05
        5.451000213623047     0.003736590043719483    2.472978403086985e-05
        5.551000118255615     0.003679871589312633    2.618129821431702e-05
        5.651000022888184     0.003533584006487028    2.713396235970674e-05
        5.751999855041504     0.003498396031265890    2.643143481454973e-05
        5.849999904632568     0.003350164314832189    2.521254198393241e-05
        5.948999881744385     0.003255868044885456    2.673467056170671e-05
        6.048999786376953     0.003241104430202642    2.512114922339061e-05
        6.150000095367432     0.003058625924532384    2.425847685311825e-05
        6.249000072479248     0.003124820195338210    2.639579522516237e-05
        6.349999904632568     0.003081224864159173    2.474286332489712e-05
        6.451000213623047     0.003058160492839180    2.586459925421134e-05
        6.548999786376953     0.003028572872845414    2.905966965102138e-05
        6.650000095367432     0.003063206401796140    2.734776904239476e-05
        6.748000144958496     0.003017752968060959    2.659059601461950e-05
        6.849999904632568     0.003053684679124325    2.936155308863681e-05
        6.952000141143799     0.003025006795611528    2.897071335573763e-05
        7.045000076293945     0.002970053692713321    2.731091675588851e-05
        7.145999908447266     0.002976921199193255    3.105977097107796e-05
        7.250000000000000     0.003031947872244832    2.745480957212866e-05
        7.344999790191650     0.002991103129320752    2.887420363722487e-05
        7.445000171661377     0.003041530839624323    3.013402700471483e-05
        7.547999858856201     0.003020082989112438    2.573510916205064e-05
        7.646999835968018     0.002960800994860066    2.713074163235706e-05
        7.748000144958496     0.003010404936648642    2.824821123032453e-05
        7.848999977111816     0.003081120681206924    2.552834202385989e-05
        7.948999881744385     0.003364533912672452    2.910631915516150e-05
        8.053000450134277     0.004048961798474633    3.204181999330571e-05
        8.149000167846680     0.005495274441515059    3.586081318295187e-05
        8.248999595642090     0.007951535657731885    4.083245290866670e-05
        8.352000236511230      0.01348631153559858    5.151040293184085e-05
        8.449999809265137      0.01911473698879820    6.435623126830712e-05
        8.546999931335449      0.02549954069677392    6.940548710017064e-05
        8.649999618530273      0.03112989006964055    7.647868416231554e-05
        8.751000404357910      0.03416421787482489    8.011198235073401e-05
        8.847000122070312      0.03612972926188799    8.297582847688102e-05
        8.949000358581543      0.03537749414125905    8.038181526228651e-05
        9.048000335693359      0.03163364573629875    7.158712880788346e-05
        9.147999763488770      0.02738925446559143    6.713186616247679e-05
        9.253999710083008      0.02091589094107634    5.866617657963403e-05
        9.354000091552734      0.01478280489033976    4.687303662458086e-05
        9.451999664306641      0.01059962959848575    4.155639561696969e-05
        9.553999900817871     0.007316710852715062    3.296737886152366e-05
        9.652999877929688     0.005243544625260600    2.769066987552446e-05
        9.751000404357910     0.004066202318358465    2.502104504119731e-05
        9.852000236511230     0.003356821105806179    2.230928524274191e-05
        9.949000358581543     0.003206790021076762    2.110029103518251e-05
        10.04800033569336     0.003019365010292907    2.108818963248584e-05
        10.14999961853027     0.002951914302434692    1.967163423564922e-05
        10.25000000000000     0.002958186635834782    1.988440794593244e-05
        10.35099983215332     0.002900032041931479    2.025026704350520e-05
        10.44900035858154     0.002828418557336044    1.919387351646653e-05
        10.55300045013428     0.002891332665391789    1.958513816186053e-05
        10.65200042724609     0.002798067940837421    1.947908756407151e-05
        10.74899959564209     0.002820681935551269    1.896465466663554e-05
        10.85299968719482     0.002801848102090285    1.894908614297427e-05
        10.95199966430664     0.002856837023389509    1.853324806712441e-05
        11.05000019073486     0.002810849986097663    1.899179978478006e-05
        11.14900016784668     0.002861652066463004    1.884707389344205e-05
        11.24699974060059     0.002824888298882700    1.880049300978900e-05
        11.34700012207031     0.002813955322444911    1.936521246685688e-05
        11.44999980926514     0.002976209855929141    1.886353112455157e-05
        11.55000019073486     0.002947193109169203    1.937480412734675e-05
        11.65100002288818     0.002931253596427010    1.984797466997163e-05
        11.75100040435791     0.003031575010480366    1.773116887045931e-05
        11.85200023651123     0.003038976928841480    1.938843893346205e-05
        11.94999980926514     0.003052138459665939    1.961250775410128e-05
        12.04699993133545     0.003114100955723097    1.775517923709780e-05
        12.14799976348877     0.003100912673114529    1.950988734482042e-05
        12.25300025939941     0.003178167419742881    1.864207874307010e-05
        12.34899997711182     0.003299274151586002    1.816471559874730e-05
        12.45100021362305     0.003461845654376539    1.975844458308719e-05
        12.55599975585938     0.003685382302440368    1.927804398670968e-05
        12.64999961853027     0.004037390140519325    2.011095006523591e-05
        12.74899959564209     0.004504047817511331    2.214071930637405e-05
        12.85200023651123     0.004923206297772827    2.253429547802286e-05
        12.95100021362305     0.005360394893248516    2.287811757758428e-05
        13.04699993133545     0.005657448719019025    2.432756303945306e-05
        13.14999961853027     0.005924376915105624    2.423336733235962e-05
        13.24899959564209     0.005844939681194069    2.355035673513522e-05
        13.34799957275391     0.005653990253491449    2.438028300726144e-05
        13.44999980926514     0.005421069257466588    2.263118069222497e-05
        13.55000019073486     0.004990004083798421    2.126660916809473e-05
        13.65100002288818     0.004407895759519891    2.167981005756890e-05
        13.75000000000000     0.004055353565952447    1.943457796597198e-05
        13.84899997711182     0.003755764843253118    1.868740644919870e-05
        13.94999980926514     0.003537563334106674    1.930215525616742e-05
        14.05300045013428     0.003378407004248690    1.788217463696930e-05
        14.14799976348877     0.003317413100069353    1.709282318210723e-05
        14.25100040435791     0.003354638731949394    1.806228234871572e-05
        14.35400009155273     0.003359294004819387    1.698917738281106e-05
        14.44900035858154     0.003416994296835206    1.766569360951232e-05
        14.55000019073486     0.003436671306815680    1.802597417662150e-05
        14.65400028228760     0.003476280245611627    1.697422796414387e-05
        14.74899959564209     0.003468154070962732    1.774808172768250e-05
        14.84799957275391     0.003539129360024246    1.830566295033020e-05
        14.94900035858154     0.003616460036400185    1.667629143029577e-05
        15.04800033569336     0.003743762193571276    1.783376727063032e-05
        15.14999961853027     0.003896152870219160    1.847950425709241e-05
        15.25000000000000     0.004016424976227301    1.783479871517236e-05
        15.35400009155273     0.004083800338038289    1.839018070993409e-05
        15.45199966430664     0.004178331137603560    1.855494418451499e-05
        15.54899978637695     0.004267858146152791    1.866460791251552e-05
        15.65100002288818     0.004238685968696423    1.832326687650769e-05
        15.75100040435791     0.004257273514415866    1.807451637401520e-05
        15.84899997711182     0.004151938339019103    1.804355412981277e-05
        15.95100021362305     0.004075456729890034    1.746939427563074e-05
        16.05200004577637     0.003971555268319911    1.717256704327179e-05
        16.14900016784668     0.003935133151146008    1.763607662550585e-05
        16.24900054931641     0.003897842720205256    1.686568185745169e-05
        16.34900093078613     0.003923120474010638    1.786450845977739e-05
        16.44899940490723     0.003984392697111807    1.691618324973284e-05
        16.54899978637695     0.003997668530829064    1.711748513114005e-05
        16.64999961853027     0.003980609409898846    1.752715295571219e-05
        16.75000000000000     0.003966432649200500    1.677916196239993e-05
        16.85000038146973     0.003930143606775817    1.699725259525902e-05
        16.95299911499023     0.003893905931515939    1.689300052542114e-05
        17.05100059509277     0.003945896823698549    1.711868899692997e-05
        17.14800071716309     0.004226980500733250    1.768174274629429e-05
        17.25000000000000     0.004874796405715206    1.894172308910376e-05
        17.34900093078613     0.005985312076742196    2.020228042687207e-05
        17.44899940490723     0.008094483227826596    2.414462297504462e-05
        17.55299949645996      0.01020402753188219    2.665648746149505e-05
        17.64999961853027      0.01312953942536074    3.138618810914287e-05
        17.75099945068359      0.01562293902911797    3.368831084160072e-05
        17.85000038146973      0.01775971225162347    3.472870887372858e-05
        17.95000076293945      0.01907496615920765    3.747212773029972e-05
        18.04999923706055      0.01858320072948627    3.639057882763846e-05
        18.14999961853027      0.01735429039633530    3.393417869866476e-05
        18.25099945068359      0.01494683238211957    3.384090588328829e-05
        18.35000038146973      0.01233894880498425    3.017438655923734e-05
        18.44799995422363     0.009802836918877877    2.609359346497473e-05
        18.54899978637695     0.007264096172302852    2.332029400221701e-05
        18.64900016784668     0.005923068133544976    2.045245860652581e-05
        18.75200080871582     0.005028082307582010    1.902374462036388e-05
        18.85000038146973     0.004736469088302774    1.895646760676301e-05
        18.94899940490723     0.004732624072006606    1.876849968468832e-05
        19.04999923706055     0.005068877031098395    1.971232595630347e-05
        19.14900016784668     0.006088066696469868    2.199163468911369e-05
        19.24699974060059     0.008246213629021448    2.563821198432710e-05
        19.35099983215332      0.01371073196754057    3.254685249255523e-05
        19.45199966430664      0.02104830922459499    4.148908102814082e-05
        19.54899978637695      0.03322507141858080    5.347058801937707e-05
        19.64900016784668      0.05051686235027952    6.302704612701641e-05
        19.75200080871582      0.07099007821989840    7.889043598427447e-05
        19.84900093078613      0.08980321501688358    9.215412016613658e-05
        19.94700050354004       0.1042654588333777    9.572982136284642e-05
        20.05100059509277       0.1090441598482027    0.0001012266105305836
        20.15299987792969       0.1049365419322023    0.0001037889174660609
        20.25099945068359      0.09527300947350123    9.294637776303896e-05
        20.34900093078613      0.07777505773534468    8.693832135165166e-05
        20.45100021362305      0.05659054698862964    7.394710379019531e-05
        20.54999923706055      0.03840174019400161    5.900018318952657e-05
        20.64900016784668      0.02419455350578902    4.758981052823448e-05
        20.75099945068359      0.01462547009246648    3.752022188363480e-05
        20.85099983215332     0.009889040985222943    2.898781198547576e-05
        20.95000076293945     0.007867580624063607    2.800258472447780e-05
        21.04899978637695     0.006849655009571182    2.661509840329633e-05
        21.14900016784668     0.006527989387963414    2.520187976521020e-05
        21.24900054931641     0.006363613379402404    2.562878928636463e-05
        21.35000038146973     0.006387063872285251    2.684480663601774e-05
        21.44700050354004     0.006717586446443198    2.359411949004484e-05
        21.54800033569336     0.007530191225190316    2.814758091420477e-05
        21.65099906921387     0.009842156423067922    3.103869203322244e-05
        21.74900054931641      0.01316334840492493    3.316809454211522e-05
        21.85000038146973      0.02130696908286628    4.652499993321695e-05
        21.95400047302246      0.03352330125967728    5.779336542516771e-05
        22.04800033569336      0.04852963184576380    6.905596322253946e-05
        22.14999961853027      0.06620863308478203    8.755508185187587e-05
        22.25399971008301      0.09845306793742445    9.935454021079469e-05
        22.34900093078613       0.1121563932820833    0.0001066712113616921
        22.45000076293945       0.1169633703419663    0.0001177368760558732
        22.55200004577637       0.1196424202432823    0.0001105835191736169
        22.65099906921387       0.1169234691478418    0.0001108938170256049
        22.74900054931641      0.09431026918493304    0.0001019300905279518
        22.85000038146973      0.07150227415681742    9.299538242173043e-05
        22.95100021362305      0.05390549236969493    7.668356627511752e-05
        23.04899978637695      0.03650415920410851    6.759327230953743e-05
        23.14900016784668      0.02293708445742390    4.703067483734896e-05
        23.25099945068359      0.01570861677763809    4.090366348969053e-05
        23.34900093078613      0.01159903528853557    3.619685838284415e-05
        23.45100021362305     0.009494844209124900    3.330820499291301e-05
        23.54700088500977     0.008139059631275846    2.728244570375543e-05
        23.64900016784668     0.007763456383140043    2.920376944285280e-05
        23.75200080871582     0.007783771710880411    2.897067683484125e-05
        23.84700012207031     0.007829902178123420    2.708754435944665e-05
        23.95000076293945     0.008042971504290270    2.989266494507590e-05
        24.05500030517578     0.008388260055805785    2.875912952348526e-05
        24.14800071716309     0.008600170196481644    2.909796073413520e-05
        24.25099945068359     0.008906736492638293    3.121949698615117e-05
        24.35499954223633     0.009251674840523388    3.009396409552943e-05
        24.44899940490723      0.01042034382372792    3.227447586301105e-05
        24.54899978637695      0.01297849062252757    3.831427110412384e-05
        24.65099906921387      0.01708449640634747    4.007140490820200e-05
        24.74799919128418      0.02523915313482281    5.126171004116414e-05
        24.84900093078613      0.03796566823079230    6.633446148167662e-05
        24.95000076293945      0.05375083152226965    7.354308318229331e-05
        25.04899978637695      0.07088255894903699    8.493069345094576e-05
        25.14999961853027      0.08690274924573405    0.0001032326802968282
        25.24900054931641      0.09997536634950611    9.783077422599944e-05
        25.34900093078613       0.1055799476625832    0.0001068397371195867
        25.45199966430664       0.1119847542298331    0.0001134006575941536
        25.55100059509277       0.1153293300577881    0.0001086255229032218
        25.64900016784668       0.1194740748612236    0.0001164765431003243
        25.74900054931641       0.1290281860976444    0.0001291751325020052
        25.85499954223633       0.1363345739548041    0.0001238962865605107
        25.94899940490723       0.1313790634232448    0.0001222593370569227
        26.04899978637695       0.1263098550674865    0.0001301395612182048
        26.15299987792969       0.1110488549837956    0.0001079877394944206
        26.24900054931641      0.09266687898325794    0.0001030960374494453
        26.34900093078613      0.07350116811933805    9.621170397854121e-05
        26.45199966430664      0.05482971855863519    7.370881482897848e-05
        26.54899978637695      0.03625979538255016    6.359660595791256e-05
        26.64900016784668      0.02427988695349026    5.518591844733674e-05
        26.75000000000000      0.01619434202523801    3.889586887549902e-05
        26.85000038146973      0.01225011151314629    3.767415255707199e-05
        26.95000076293945      0.01008332227972302    3.543250093193894e-05
        27.04700088500977     0.008564990116784764    2.833479427436222e-05
        27.14900016784668     0.007248964663701973    2.864820849824763e-05
        27.25000000000000     0.006521463632317598    2.934993045957266e-05
        27.35000038146973     0.006252556242681405    2.478748299021854e-05
        27.44799995422363     0.006252278380111586    2.719378448451721e-05
        27.54899978637695     0.006196229402123064    2.815629266312186e-05
        27.64900016784668     0.006375062578161493    2.430225913007000e-05
        27.75099945068359     0.006474307323898596    2.756688478066460e-05
        27.85300064086914     0.006749467105653956    2.801328882463903e-05
        27.94899940490723     0.006853889873576076    2.578166584977192e-05
        28.05100059509277     0.007047045507460633    2.861337715341749e-05
        28.14999961853027     0.007169614442184479    3.048185039597928e-05
        28.24799919128418     0.007233149406889946    2.820922636909269e-05
        28.35000038146973     0.007356379838197357    3.115292406036440e-05
        28.45199966430664     0.007560847612419638    3.141503766566221e-05
        28.55100059509277     0.008009697038061281    2.948691108170396e-05
        28.64800071716309     0.008708110274965233    3.205926798061374e-05
        28.75200080871582     0.009449929749290247    3.249824682206994e-05
        28.85199928283691      0.01036757390535619    3.273602487846301e-05
        28.94899940490723      0.01124799810655536    3.547312695132884e-05
        29.05100059509277      0.01130734908681909    3.552394632796866e-05
        29.15099906921387      0.01170595466556003    3.369242449685680e-05
        29.24900054931641      0.01124552539079808    3.592193342262467e-05
        29.35199928283691     0.009805882845451469    3.323537442253286e-05
        29.45000076293945     0.009719796763314956    3.160817989924807e-05
        29.54899978637695     0.008817217028407244    3.231040152644658e-05
        29.64900016784668     0.008353062164828996    3.311273101714722e-05
        29.74799919128418     0.008455175089210409    3.036798252856798e-05
        29.84900093078613     0.007588614316976389    3.111857317213554e-05
        29.95000076293945     0.007200736163849819    3.190726477919250e-05
        30.04599952697754     0.007090570455826209    2.864756567257830e-05
        30.14999961853027     0.006604813052431965    2.988839207888452e-05
        30.25399971008301     0.006495356787245621    2.929641352840189e-05
        30.34900093078613     0.006363230598653370    2.848304676475309e-05
        30.45000076293945     0.006461589252441251    3.047583786340742e-05
        30.55299949645996     0.006869736720249883    3.004491827510175e-05
        30.64800071716309     0.007837979104938641    3.208815529424617e-05
        30.75000000000000      0.01025085599262013    3.909605924204769e-05
        30.84900093078613      0.01385283775980690    4.747498777972963e-05
        30.95199966430664      0.01907617211341176    5.152767825945026e-05
        31.04899978637695      0.02775260637042478    6.344086865750341e-05
        31.15099906921387      0.03650765405177230    7.874427923704069e-05
        31.25200080871582      0.04720395862895341    8.049884658440589e-05
        31.35099983215332      0.05384957459520134    9.138458943706179e-05
        31.45000076293945      0.05857286648341063    0.0001020362177724758
        31.54899978637695      0.05869510585670656    8.954639981533980e-05
        31.64900016784668      0.05483463115525646    9.287836704386649e-05
        31.75000000000000      0.04786926019230466    9.235093029147845e-05
        31.84700012207031      0.04130256148078280    7.441785724899185e-05
        31.95000076293945      0.03561798302913510    7.759863073035519e-05
        32.05300140380859      0.03238349989164838    7.520052155859499e-05
        32.14699935913086      0.03278660410752313    6.919131656977038e-05
        32.25099945068359      0.03649669088578508    8.111661302828514e-05
        32.35599899291992      0.04040126319293418    8.221080001701353e-05
        32.44900131225586      0.04303433459398779    8.350143804746497e-05
        32.54999923706055      0.04454801643815530    9.179085681255161e-05
        32.65499877929688      0.04282453327012092    8.311493541931246e-05
        32.74900054931641      0.03954052210310945    8.327265960191361e-05
        32.84999847412109      0.03357859392829716    8.029659926653302e-05
        32.95500183105469      0.02727996959603562    6.551696556358811e-05
        33.04999923706055      0.02150327612115955    6.218124919138844e-05
        33.14899826049805      0.01601231063454154    5.757631851918969e-05
        33.24900054931641      0.01125335457596091    4.912022035165587e-05
        33.34999847412109     0.008181808934560966    3.733247116302240e-05
        33.44800186157227     0.006131602889454436    3.535568273609968e-05
        33.54600143432617     0.005145002365143739    3.406821941367756e-05
        33.64699935913086     0.004660241274903949    2.679167173619931e-05
        33.74900054931641     0.004484665842069710    3.053613003386994e-05
        33.84899902343750     0.004377896273989498    3.126968336102591e-05
        33.94599914550781     0.004440625544547795    2.606777482085917e-05
        34.04899978637695     0.004555862960673481    3.197106003026756e-05
        34.15499877929688     0.004518191138285917    2.943818072152512e-05
        34.24800109863281     0.004608322743192170    2.897301944087313e-05
        34.34799957275391     0.004557856352958340    3.232916857956229e-05
        34.45500183105469     0.004612168164785098    2.913766063190304e-05
        34.54899978637695     0.004778009959501730    3.115968623532338e-05
        34.64699935913086     0.004879204315280993    3.428216356267804e-05
        34.75299835205078     0.005097394087690887    2.944144189758260e-05
        34.84999847412109     0.005486620025424491    3.290298740879431e-05
        34.95000076293945     0.005984442466125057    3.786216024534633e-05
        35.05199813842773     0.006620045377950080    3.367144903379821e-05
        35.14899826049805     0.007466744866021577    3.928779553541828e-05
        35.25000000000000     0.008494149326154147    4.567137322285816e-05
        35.34999847412109     0.009697885956621206    4.054594907171760e-05
        35.44800186157227      0.01098763170840967    4.869364597491714e-05
        35.54899978637695      0.01242732200098153    5.439980561179818e-05
        35.65700149536133      0.01360498776989446    5.440717822375729e-05
        35.74599838256836      0.01428519139814269    5.259970658823305e-05
        35.84799957275391      0.01463609053680166    5.819823512323843e-05
        35.95700073242188      0.01445600348250940    5.088216292352128e-05
        36.04800033569336      0.01412346551531834    5.238433037848782e-05
        36.14899826049805      0.01395551115079189    5.561873443967978e-05
        36.25600051879883      0.01415723324475504    4.861749386922864e-05
        36.34999847412109      0.01476760564404326    5.606134584770505e-05
        36.44800186157227      0.01622010789739194    6.145546990746097e-05
        36.55300140380859      0.02092399594973878    5.920729928389795e-05
        36.64799880981445      0.02648658933813542    7.485767539685336e-05
        36.74800109863281      0.03353625140246756    8.732939360424671e-05
        36.85200119018555      0.05228546241582600    9.266158306459220e-05
        36.94800186157227      0.05857101068743536    0.0001142413980971181
        37.04700088500977      0.06896132856126978    0.0001269695035999858
        37.14899826049805      0.08860388036609922    0.0001208327341706351
        37.24800109863281      0.08489112124361257    0.0001437537082168321
        37.34700012207031      0.08341983219381742    0.0001424541910975132
        37.44400024414062      0.09240720137111336    0.0001245144230240925
        37.54899978637695      0.07804294514906937    0.0001381393493726319
        37.65499877929688      0.06519137673404941    0.0001157132029524156
        37.74599838256836      0.05595524036321041    0.0001037799347672615
        37.84899902343750      0.04095200082140273    9.866827918354362e-05
        37.94900131225586      0.03001529817463959    8.596783565186479e-05
        38.05300140380859      0.02424280518743031    6.943169351111005e-05
        38.14599990844727      0.01627998858079255    5.824513075972415e-05
        38.24900054931641      0.01058502509097540    4.896287148076883e-05
        38.35400009155273     0.007846024670898968    3.792549745303205e-05
        38.44800186157227     0.006446813187399261    3.640984874595456e-05
        38.54899978637695     0.005781768327642142    3.731889784228202e-05
        38.65100097656250     0.005535476066064223    3.055032439498450e-05
        38.74800109863281     0.005403801003424844    3.414840575215397e-05
        38.84799957275391     0.005425111496836855    3.597061346442541e-05
        38.94599914550781     0.005438183587874609    3.035499335991132e-05
        39.04800033569336     0.005464223355146841    3.567975434704385e-05
        39.15299987792969     0.005619442901527694    3.509190436481279e-05
        39.24499893188477     0.005804228812838341    3.233237442179266e-05
        39.34799957275391     0.006006100737159502    3.732004226393718e-05
        39.45600128173828     0.006243546972171782    3.522803516855387e-05
        39.54600143432617     0.006600113659500327    3.653158846928856e-05
        39.64899826049805     0.007001736948081086    3.954604308193948e-05
        39.75799942016602     0.007716154078964159    3.804078860269060e-05
        39.84799957275391     0.008688404512321926    4.263272873898439e-05
        39.94900131225586      0.01009831740057842    4.729663377193319e-05
        40.05599975585938      0.01210792393484850    4.527931161831161e-05
        40.14899826049805      0.01451617205564411    5.448557636808012e-05
        40.24900054931641      0.01717692438121008    6.131174186617885e-05
        40.35200119018555      0.02090418246079650    7.246528306320580e-05
        40.45199966430664      0.02483298589448030    6.641998138076123e-05
        40.54899978637695      0.02896918686301373    7.834704196686164e-05
        40.65100097656250      0.03288840754897068    8.814659061077451e-05
        40.74599838256836      0.03503177099169190    7.489227024504818e-05
        40.84799957275391      0.03583307001731723    8.803164662969140e-05
        40.95100021362305      0.03486739384491859    9.304098621422146e-05
        41.04199981689453      0.03308617464887770    7.242264291940496e-05
        41.14599990844727      0.03043605390132276    8.274592017338742e-05
        41.25500106811523      0.02739249143511143    7.463980272323557e-05
        41.34500122070312      0.02604479810757382    6.872964160969625e-05
        41.44800186157227      0.02603910349336121    7.754446745595531e-05
        41.55599975585938      0.02728245041622670    7.243523326295994e-05
        41.64799880981445      0.02870756555334780    7.477408101738021e-05
        41.74800109863281      0.03005530203108875    8.470541080073013e-05
        41.85400009155273      0.03050102183833775    7.485226168336098e-05
        41.94800186157227      0.02951577768376288    7.667402153214077e-05
        42.04999923706055      0.02696154856663020    7.826060412357712e-05
        42.15299987792969      0.02384565910326051    6.336990555056022e-05
        42.24800109863281      0.02118684058680706    6.545200322884904e-05
        42.35100173950195      0.01864627237104207    6.457894310048534e-05
        42.45000076293945      0.01659990754418771    5.332485474570514e-05
        42.54899978637695      0.01546174267477495    5.808721366030868e-05
        42.65100097656250      0.01455320276026194    5.909640356021050e-05
        42.75600051879883      0.01358390726151304    5.493344465058505e-05
        42.84600067138672      0.01363887715115061    5.082757313901720e-05
        42.95000076293945      0.01583294543620776    5.961045605102747e-05
        43.05799865722656      0.01808930967878185    5.782628119592404e-05
        43.14799880981445      0.02392451200438387    7.010261354187232e-05
        43.25099945068359      0.03450472820132444    8.882642924097415e-05
        43.35699844360352      0.04447657335555307    9.050675978519695e-05
        43.44800186157227      0.06517915392694965    0.0001189504002848816
        43.55099868774414      0.09429684815609167    0.0001511665979388775
        43.65399932861328       0.1107500408921895    0.0001448776238383022
        43.74800109863281       0.1391637753886164    0.0001829353717002297
        43.84999847412109       0.1599737696711438    0.0002045442374717322
        43.95000076293945       0.1450345510950988    0.0001622868003005181
        44.04800033569336       0.1491864890037256    0.0001869927295558327
        44.15100097656250       0.1374531990197154    0.0001914225076584271
        44.24599838256836       0.1045589327896523    0.0001363925940347327
        44.34799957275391      0.08435077273671933    0.0001393970748000019
        44.45399856567383      0.05881945265974792    0.0001240943811172661
        44.54399871826172      0.03941424925786708    8.521533512918951e-05
        44.64899826049805      0.02821697957684281    8.181488172803222e-05
        44.75799942016602      0.02090719312614530    6.702114148111817e-05
        44.84799957275391      0.01835374938702375    6.034239872802958e-05
        44.94900131225586      0.01841421355298763    6.716096442616548e-05
        45.04800033569336      0.01889125839654357    7.129168429100536e-05
        45.14899826049805      0.02037717824861836    7.841752740984078e-05
        45.25000000000000      0.02326327324792310    8.574377148911235e-05
        45.34899902343750      0.02835603606549021    9.476647874587017e-05
        45.45700073242188      0.03597683050040929    8.674540998842622e-05
        45.54800033569336      0.04372934318946225    9.916704432474050e-05
        45.64799880981445      0.05231083907109659    0.0001207358678423231
        45.75199890136719      0.06408846972034528    0.0001178502568557478
        45.84899902343750      0.06987894719445313    0.0001375296695121203
        45.94900131225586      0.06772869495315416    0.0001432757228399345
        46.04999923706055      0.07390758474822645    0.0001176245518785251
        46.14899826049805      0.06354256592925193    0.0001280606738443389
        46.25000000000000      0.05397005571978595    0.0001229294323201487
        46.34799957275391      0.04866751743579384    0.0001001452409728135
        46.45000076293945      0.03117752716585980    9.422633828284808e-05
        46.54999923706055      0.02158396003972153    7.939344146679073e-05
        46.64300155639648      0.01910956352339509    5.856821304347967e-05
        46.75000000000000      0.01207731063299986    5.702242152049234e-05
        46.85699844360352      0.01047039379499362    4.876725186766187e-05
        46.94599914550781     0.009529430311275029    4.615121328495769e-05
        47.04999923706055     0.008680140385413353    4.872344224986290e-05
        47.15700149536133     0.008205705803523323    4.218822248982980e-05
        47.24700164794922     0.007790894162595871    4.248126048158852e-05
        47.34899902343750     0.007819534307208711    4.645569708931563e-05
        47.45500183105469     0.008118746340923544    4.091252497096627e-05
        47.54899978637695     0.008783012541314228    4.622763047468546e-05
        47.65000152587891      0.01000621623547169    5.353047980050882e-05
        47.74900054931641      0.01186735090374474    6.145296978671998e-05
        47.85599899291992      0.01381234062711756    5.263693388320876e-05
        47.94900131225586      0.01766203935644616    6.369450850234311e-05
        48.04999923706055      0.02290219413725166    7.629190701718088e-05
        48.15000152587891      0.02690927362610126    6.956366455078776e-05
        48.25000000000000      0.03267380550837558    8.630675151562903e-05
        48.34999847412109      0.03590723389457411    9.790371828321103e-05
        48.44599914550781      0.03740591441250035    8.227496120547840e-05
        48.54800033569336      0.03858275402580875    9.653569389473025e-05
        48.65299987792969      0.03759079031202799    9.427599410532019e-05
        48.74399948120117      0.03674105159230873    8.201528895854888e-05
        48.84899902343750      0.03444949871708835    8.858390324749278e-05
        48.95800018310547      0.03254426445679362    8.126962380403897e-05
        49.04899978637695      0.03129742472653274    7.814712677376420e-05
        49.14899826049805      0.03127930463877441    8.553370123223387e-05
        49.25699996948242      0.03204970148145099    7.783796594671290e-05
        49.34999847412109      0.03385205843291689    8.557064333626399e-05
        49.44900131225586      0.03689841172818897    9.210431046875811e-05
        49.55500030517578      0.03940460376139609    8.588238278650154e-05
        49.65000152587891      0.04189750281712197    9.678102699579814e-05
        49.74900054931641      0.04363262609831321    0.0001018882316914298
        49.85200119018555      0.04314341703036748    8.683136352261508e-05
        49.94900131225586      0.04171757060569513    9.731773194440856e-05
        50.04800033569336      0.03835246585518292    9.432506780615566e-05
        50.15700149536133      0.03284985716819380    9.155083481940267e-05
        50.24599838256836      0.02791364302655554    7.219260102372790e-05
        50.34700012207031      0.02158961841772733    6.655092935026681e-05
        50.45700073242188      0.01595076470022096    5.742475216478209e-05
        50.54800033569336      0.01256923906669365    5.060330733230619e-05
        50.64799880981445      0.01044491684020680    4.865716400166974e-05
        50.75600051879883     0.009391601418057916    4.278482684626566e-05
        50.84899902343750     0.008907995516715322    4.255669890365876e-05
        50.95000076293945     0.008575804575920418    4.454406515613893e-05
        51.05500030517578     0.008461344452820855    3.870023750144886e-05
        51.14899826049805     0.008382400047474139    4.149883323348330e-05
        51.24800109863281     0.008647956896655045    4.533354012157654e-05
        51.35200119018555     0.009046106560842353    4.022079483971247e-05
        51.44800186157227     0.009861949218600247    4.706352629905097e-05
        51.54700088500977      0.01075375933581893    5.217982848112270e-05
        51.64799880981445      0.01244165539000648    4.623085663563354e-05
        51.74900054931641      0.01471676563673397    5.634902162144104e-05
        51.84899902343750      0.01730783917615573    6.970844278523682e-05
        51.94400024414062      0.02073965886357833    5.661851082948274e-05
        52.04899978637695      0.02494474990673497    7.538448718547956e-05
        52.15599822998047      0.02970360800632562    8.052836589960602e-05
        52.24800109863281      0.03353708888471155    7.955499622411192e-05
        52.34999847412109      0.03549028903838875    9.161810313318903e-05
        52.44800186157227      0.03588762131352569    0.0001041766116171866
        52.55599975585938      0.03663039607464925    8.646578466756780e-05
        52.64899826049805      0.03299676241185009    8.631760411910475e-05
        52.74800109863281      0.02819248095795631    8.834503495659855e-05
        52.85200119018555      0.02650353523573892    6.792773838149049e-05
        52.94800186157227      0.02047347702392141    6.702541325692854e-05
        53.04700088500977      0.01684153041598609    6.751210629937164e-05
        53.14799880981445      0.01740199931292415    5.569559145108748e-05
        53.24900054931641      0.01667612953378362    6.154893673023600e-05
        53.35200119018555      0.01746927656671167    6.768307235464068e-05
        53.44599914550781      0.02011247432623103    5.895644253914987e-05
        53.54899978637695      0.02103383480790522    6.817810347507735e-05
        53.65800094604492      0.02194280015685955    6.891660902374600e-05
        53.74900054931641      0.02159160703108064    6.640786395427957e-05
        53.84799957275391      0.02104992705203609    6.922009024810148e-05
        53.95800018310547      0.02062317812338067    6.444528667687555e-05
        54.04899978637695      0.01881458244349734    6.210544428606787e-05
        54.14899826049805      0.01718455028709160    6.302889354523842e-05
        54.25600051879883      0.01620888951768760    5.528477295851899e-05
        54.34899902343750      0.01528939027434646    5.634228995678248e-05
        54.44800186157227      0.01472593355080145    6.006213511631251e-05
        54.55300140380859      0.01442023726178203    5.060917232097825e-05
        54.64799880981445      0.01434076713641878    5.450778614509155e-05
        54.74800109863281      0.01418736025520721    6.014035661771792e-05
        54.84999847412109      0.01410256440147680    6.882581236753960e-05
        54.94300079345703      0.01401231175220835    6.478165643269362e-05
        55.04899978637695      0.01386568379228028    6.486939601444567e-05
        55.15700149536133      0.01371421758158833    6.690681333205492e-05
        55.24599838256836      0.01389689769355840    6.879229202502728e-05
        55.34899902343750      0.01398611699865853    7.673914651932765e-05
        55.45999908447266      0.01459530575310361    7.838790329287424e-05
        55.54899978637695      0.01614843428297464    8.943439818407459e-05
        55.64799880981445      0.01763885215914423    9.827034083925102e-05
        55.75899887084961      0.02029547555657757    0.0001105697175938314
        55.84799957275391      0.02284449414234446    0.0001252508808139199
        55.94599914550781      0.02482491642162507    0.0001434819288796301
        56.05500030517578      0.02727946042447607    0.0001534577364412392
        56.14699935913086      0.02877200778730136    0.0001687020413248730
        56.24599838256836      0.03008447796064284    0.0001990127412441536
        56.35200119018555      0.03065213005620580    0.0002044050421077408
        56.44800186157227      0.03078882925447339    0.0002791964215574390
        56.54399871826172      0.02888892595209535    0.0002831216938640713
        56.64599990844727      0.02741801389152725    0.0003418171115629386
