        2.948999881744385      0.01745769767853736    0.0005483194395058238
        3.049000024795532      0.01054433223460602    0.0004250401813696514
        3.161999940872192     0.008766965996964251    0.0001691467184626148
        3.253999948501587     0.005021326045558085    0.0001294277079960965
        3.351999998092651     0.003047173247123698    9.777411917837675e-05
        3.448999881744385     0.003732098498176080    5.867045448548713e-05
        3.549999952316284     0.003203871124077098    5.556683311657651e-05
        3.651999950408936     0.003093682476563645    5.049139814959869e-05
        3.747999906539917     0.003263050366251024    4.335144540199475e-05
        3.849999904632568     0.002854413283654411    4.330837155569179e-05
        3.953000068664551     0.002704504140456938    3.829441313248778e-05
        4.050000190734863     0.002508848692512923    3.413567981822671e-05
        4.150000095367432     0.002413666275837632    3.524721390206416e-05
        4.251999855041504     0.002359478703153453    3.333100283822469e-05
        4.349999904632568     0.002319011481602414    3.085496309714325e-05
        4.448999881744385     0.002278050424916476    3.267620763525987e-05
        4.550000190734863     0.002126810379496852    2.952967486891621e-05
        4.649000167846680     0.002135747148006191    2.845628935070486e-05
        4.750000000000000     0.002098958362042916    3.003576934417011e-05
        4.850999832153320     0.002014278971475274    2.781718404937332e-05
        4.949999809265137     0.002073158999981771    2.734219220726583e-05
        5.051000118255615     0.001974080503529889    2.902201190022481e-05
        5.151000022888184     0.001943140682963942    2.587336231281001e-05
        5.249000072479248     0.001929781778379014    2.668818305271633e-05
        5.349999904632568     0.001915506439294892    2.745502856828772e-05
        5.451000213623047     0.001865662207008351    2.459862279585308e-05
        5.551000118255615     0.001882869627161863    2.636382128256532e-05
        5.651000022888184     0.001925936375150466    2.820155625531917e-05
        5.751999855041504     0.001968316151935906    2.791001548533869e-05
        5.849999904632568     0.001861783619667108    2.645765730048955e-05
        5.948999881744385     0.001874635050727726    2.855805214878733e-05
        6.048999786376953     0.001902922023780474    2.709719991000690e-05
        6.150000095367432     0.001895615345892102    2.688705940595154e-05
        6.249000072479248     0.001851034977775549    2.859933255731835e-05
        6.349999904632568     0.001845250265466915    2.695632207897048e-05
        6.451000213623047     0.001802083186069121    2.795312325348893e-05
        6.548999786376953     0.001807115766492563    3.160406563456110e-05
        6.650000095367432     0.001825159793257440    2.972050853647802e-05
        6.748000144958496     0.001779083951619225    2.874236712431595e-05
        6.849999904632568     0.001799666744406427    3.173682449420154e-05
        6.952000141143799     0.001736073209214953    3.089978958972533e-05
        7.045000076293945     0.001765503476689371    2.964644300685313e-05
        7.145999908447266     0.001723556172329790    3.327575744411861e-05
        7.250000000000000     0.001817606026818509    2.992846581886104e-05
        7.344999790191650     0.001735686352312903    3.096654151051206e-05
        7.445000171661377     0.001737046397777731    3.206469988986650e-05
        7.547999858856201     0.001744372086137357    2.753881704793139e-05
        7.646999835968018     0.001745812810433295    2.933226455627439e-05
        7.748000144958496     0.001653806937899757    2.947736522845507e-05
        7.848999977111816     0.001696696421320301    2.666997399993368e-05
        7.948999881744385     0.001705631523930539    2.918045814389938e-05
        8.053000450134277     0.001654983751658636    2.884172933930977e-05
        8.149000167846680     0.001685534096217348    2.795488311840995e-05
        8.248999595642090     0.001674274842774106    2.635983325413553e-05
        8.352000236511230     0.001687305357091012    2.560004703963626e-05
        8.449999809265137     0.001716977843803304    2.706246447002836e-05
        8.546999931335449     0.001678773632011936    2.494795410966054e-05
        8.649999618530273     0.001681433113843065    2.486972489591200e-05
        8.751000404357910     0.001710075245846340    2.506162266735374e-05
        8.847000122070312     0.001710396950649901    2.523206428168328e-05
        8.949000358581543     0.001631694559707400    2.413391165106995e-05
        9.048000335693359     0.001669447423026579    2.301254603867321e-05
        9.147999763488770     0.001614574403180932    2.283137132132559e-05
        9.253999710083008     0.001678477398433294    2.331483427059256e-05
        9.354000091552734     0.001627160794908010    2.184607820394137e-05
        9.451999664306641     0.001634535710752441    2.294460427426635e-05
        9.553999900817871     0.001611297716640236    2.176681908828192e-05
        9.652999877929688     0.001665375867235801    2.196312636498725e-05
        9.751000404357910     0.001639156197213613    2.236049411797302e-05
        9.852000236511230     0.001574905692617056    2.151385417145520e-05
        9.949000358581543     0.001635604411130246    2.121383475477096e-05
        10.04800033569336     0.001605145946898362    2.164623382618455e-05
        10.14999961853027     0.001624512309381436    2.054630389016355e-05
        10.25000000000000     0.001589544244981712    2.051994601953895e-05
        10.35099983215332     0.001577705145985990    2.102910512593887e-05
        10.44900035858154     0.001606504824420968    2.036741700727225e-05
        10.55300045013428     0.001562157496977745    2.026960115280882e-05
        10.65200042724609     0.001589395047655563    2.067010619051034e-05
        10.74899959564209     0.001615799510285267    2.020952576049725e-05
        10.85299968719482     0.001569706942397789    1.996994377071542e-05
        10.95199966430664     0.001560298568015262    1.928296723624687e-05
        11.05000019073486     0.001579721737607006    2.004714490326492e-05
        11.14900016784668     0.001595969098106251    1.981792694785009e-05
        11.24699974060059     0.001596111764469157    1.989649426256353e-05
        11.34700012207031     0.001612543646914386    2.064231234325646e-05
        11.44999980926514     0.001668921702029788    1.988927154263510e-05
        11.55000019073486     0.001620410546329725    2.022618230104202e-05
        11.65100002288818     0.001712122624316876    2.135616344695637e-05
        11.75100040435791     0.001739244266603506    1.890790548494384e-05
        11.85200023651123     0.001747233867454625    2.069677428019637e-05
        11.94999980926514     0.001763614930094811    2.098972875999047e-05
        12.04699993133545     0.001727837360710774    1.862071739972926e-05
        12.14799976348877     0.001665606649119661    2.013036327944347e-05
        12.25300025939941     0.001691942879949382    1.915058907816510e-05
        12.34899997711182     0.001750419204233938    1.862776767783193e-05
        12.45100021362305     0.001695262599864053    1.946686632646087e-05
        12.55599975585938     0.001694274364288852    1.840266414684048e-05
        12.64999961853027     0.001775514573681154    1.877519962517523e-05
        12.74899959564209     0.001885358885142078    2.016247457811024e-05
        12.85200023651123     0.001917646632768506    1.979439030322425e-05
        12.95100021362305     0.002023732259077521    1.978393782697946e-05
        13.04699993133545     0.002045571128456601    2.058489153992487e-05
        13.14999961853027     0.002108906700236514    2.034458759808230e-05
        13.24899959564209     0.002147306864581319    2.008516316475081e-05
        13.34799957275391     0.002068833717346363    2.075197057107672e-05
        13.44999980926514     0.002079403579176719    1.972340435152558e-05
        13.55000019073486     0.001967623848221130    1.879349250810213e-05
        13.65100002288818     0.001898648126532927    2.002618800864566e-05
        13.75000000000000     0.001890548071129067    1.867620930161640e-05
        13.84899997711182     0.001873456256698655    1.857814468913732e-05
        13.94999980926514     0.001860853496629017    1.970650179229218e-05
        14.05300045013428     0.001891059157371773    1.883533823873750e-05
        14.14799976348877     0.001914418308823021    1.828105138734071e-05
        14.25100040435791     0.001981459000917411    1.954404132248205e-05
        14.35400009155273     0.001956774216336559    1.825639434332220e-05
        14.44900035858154     0.001930618592673214    1.869578638162803e-05
        14.55000019073486     0.001945582666517845    1.909564910126509e-05
        14.65400028228760     0.001905066073576009    1.769093896267034e-05
        14.74899959564209     0.001854900839408708    1.827418360307539e-05
        14.84799957275391     0.001853573724133183    1.865056592351518e-05
        14.94900035858154     0.001858350149980412    1.682743506680810e-05
        15.04800033569336     0.001957483199609341    1.815126312406920e-05
        15.14999961853027     0.002130926811836146    1.923564469326505e-05
        15.25000000000000     0.002240422317196753    1.874860924997097e-05
        15.35400009155273     0.002458604999829236    2.008809112622300e-05
        15.45199966430664     0.002654441421323080    2.081926447928776e-05
        15.54899978637695     0.002787069618768368    2.123219503000846e-05
        15.65100002288818     0.002735546480723146    2.072206476751256e-05
        15.75100040435791     0.002823543244210028    2.072068033552280e-05
        15.84899997711182     0.002787940476737729    2.081287559276731e-05
        15.95100021362305     0.002738133247730398    2.015615091890713e-05
        16.05200004577637     0.002632129208139847    1.967947915046051e-05
        16.14900016784668     0.002540267653807604    1.994809524292713e-05
        16.24900054931641     0.002467740241734236    1.889165398694497e-05
        16.34900093078613     0.002393879875371098    1.964650554943426e-05
        16.44899940490723     0.002361860086233487    1.833555076321459e-05
        16.54899978637695     0.002320477564587978    1.836199418683699e-05
        16.64999961853027     0.002173512239897816    1.823526117973491e-05
        16.75000000000000     0.002095845258813663    1.717055350102151e-05
        16.85000038146973     0.001969911940269835    1.694244118399863e-05
        16.95299911499023     0.001886115053870858    1.655285620302533e-05
        17.05100059509277     0.001808387268473043    1.632029174599093e-05
        17.14800071716309     0.001781546163825427    1.616842330451605e-05
        17.25000000000000     0.001761315964683701    1.604367238224879e-05
        17.34900093078613     0.001753917992338124    1.541147322535606e-05
        17.44899940490723     0.001767521401126920    1.589330038665416e-05
        17.55299949645996     0.001747883120971368    1.553079410076107e-05
        17.64999961853027     0.001735990836629968    1.604757720426173e-05
        17.75099945068359     0.001768767340257137    1.592448217162440e-05
        17.85000038146973     0.001738939039631008    1.525283062684298e-05
        17.95000076293945     0.001756637267530398    1.594892463543191e-05
        18.04999923706055     0.001753096326296770    1.567082219535250e-05
        18.14999961853027     0.001802290859697039    1.533095786441113e-05
        18.25099945068359     0.001785441783991961    1.640147704278216e-05
        18.35000038146973     0.001849957244839743    1.638892900999526e-05
        18.44799995422363     0.001865246445843627    1.597675352592807e-05
        18.54899978637695     0.001880501823066259    1.667004994349556e-05
        18.64900016784668     0.001901304031030053    1.629045149613681e-05
        18.75200080871582     0.001945299643490333    1.664673821968943e-05
        18.85000038146973     0.001986480334129398    1.727642899635016e-05
        18.94899940490723     0.001965786068669382    1.702900301044708e-05
        19.04999923706055     0.001990101296643539    1.739362021445462e-05
        19.14900016784668     0.002036361190399730    1.792090506078334e-05
        19.24699974060059     0.002061410568813279    1.806604253714312e-05
        19.35099983215332     0.002040721861818880    1.768689746267590e-05
        19.45199966430664     0.002099321968601695    1.842244357788265e-05
        19.54899978637695     0.002082332567938120    1.876120907577238e-05
        19.64900016784668     0.002156607088191515    1.816715903929793e-05
        19.75200080871582     0.002120654528191616    1.892320181680908e-05
        19.84900093078613     0.002194858555489079    1.990403672800561e-05
        19.94700050354004     0.002177501316369086    1.904205706747554e-05
        20.05100059509277     0.002204584142757691    1.978122994129468e-05
        20.15299987792969     0.002216998125313821    2.074200311224583e-05
        20.25099945068359     0.002178164066000587    1.935581778643210e-05
        20.34900093078613     0.002227797573948374    2.033280677170798e-05
        20.45100021362305     0.002304083787290659    2.071342157452667e-05
        20.54999923706055     0.002260195318180118    1.994927591412455e-05
        20.64900016784668     0.002267303478384895    2.037121651170144e-05
        20.75099945068359     0.002316802258228063    2.094233661775527e-05
        20.85099983215332     0.002302490199729642    1.964525818761584e-05
        20.95000076293945     0.002400692380066637    2.174172347754083e-05
        21.04899978637695     0.002458825908941125    2.242322042000337e-05
        21.14900016784668     0.002484295641021091    2.186402175215629e-05
        21.24900054931641     0.002655896382594350    2.328560943522597e-05
        21.35000038146973     0.003025471884482179    2.597620106515764e-05
        21.44700050354004     0.003539567675838835    2.406755736638040e-05
        21.54800033569336     0.005077422159024618    3.246740115619738e-05
        21.65099906921387     0.008913633656915419    4.148966384525985e-05
        21.74900054931641      0.01315877806026762    4.656425093895691e-05
        21.85000038146973      0.02526318291597573    7.111166212175905e-05
        21.95400047302246      0.04150435227240790    9.018360295695918e-05
        22.04800033569336      0.05854611956640476    0.0001062123513783598
        22.14999961853027      0.08382255301465133    0.0001378468288109391
        22.25399971008301       0.1053990584219125    0.0001431242850419140
        22.34900093078613       0.1180780740850982    0.0001521905848880787
        22.45000076293945       0.1209269130117552    0.0001663792856289142
        22.55200004577637       0.1196263789178165    0.0001535794465466228
        22.65099906921387       0.1104235939506691    0.0001496389850077727
        22.74900054931641      0.08868788091020725    0.0001376082114658328
        22.85000038146973      0.06507051034451596    0.0001238359034235853
        22.95100021362305      0.04621793096107380    9.931167537148576e-05
        23.04899978637695      0.02882919586369603    8.419204201333575e-05
        23.14900016784668      0.01482140510871076    5.307026150217957e-05
        23.25099945068359     0.008635148572215269    4.262234847007233e-05
        23.34900093078613     0.005836404400455203    3.609392849778454e-05
        23.45100021362305     0.004403938036456805    3.189404743309083e-05
        23.54700088500977     0.003926053532891947    2.664955984390464e-05
        23.64900016784668     0.003745097487501990    2.853297185833983e-05
        23.75200080871582     0.003717426151385238    2.816576212868090e-05
        23.84700012207031     0.003684753532147870    2.614313195842204e-05
        23.95000076293945     0.003677458405109340    2.843358129080560e-05
        24.05500030517578     0.003772918655128194    2.712949628485581e-05
        24.14800071716309     0.003886344960993552    2.751045546371101e-05
        24.25099945068359     0.004039306765212088    2.956823353303851e-05
        24.35499954223633     0.004208977227847363    2.854724044774596e-05
        24.44899940490723     0.004605394766228402    3.017400744821341e-05
        24.54899978637695     0.005517188805311123    3.512040548812617e-05
        24.65099906921387     0.006846099913059965    3.563634026219222e-05
        24.74799919128418     0.008753955051285385    4.234890155698606e-05
        24.84900093078613      0.01180628323935810    5.174854330935474e-05
        24.95000076293945      0.01644572758425157    5.674029546677725e-05
        25.04899978637695      0.01913186437519949    6.131370912683704e-05
        25.14999961853027      0.02230316976385385    7.241456763594445e-05
        25.24900054931641      0.03081795287078904    7.509493179648536e-05
        25.34900093078613      0.02988075066074137    7.839694310668727e-05
        25.45199966430664      0.04040376576918459    9.397655157149350e-05
        25.55100059509277      0.04885925982344407    9.756396670310752e-05
        25.64900016784668      0.05986914443529228    0.0001138339390128220
        25.74900054931641      0.07545292663402690    0.0001363668154937091
        25.85499954223633      0.08889928283427249    0.0001381435466347313
        25.94899940490723      0.09505141956519461    0.0001438562550005112
        26.04899978637695      0.09454579568761827    0.0001559196789660541
        26.15299987792969      0.08447480146193409    0.0001306890913299665
        26.24900054931641      0.07148459368136896    0.0001259824058793315
        26.34900093078613      0.05591351420407788    0.0001170464934751788
        26.45199966430664      0.03787351772851577    8.561275599736857e-05
        26.54899978637695      0.02259106395413224    7.034324247186146e-05
        26.64900016784668      0.01295475349830252    5.658448530428046e-05
        26.75000000000000     0.006335408461778687    3.418811357924453e-05
        26.85000038146973     0.003735489109226092    2.924495999287011e-05
        26.95000076293945     0.002791751354678928    2.621065798756107e-05
        27.04700088500977     0.002390154722949769    2.104422604669132e-05
        27.14900016784668     0.002253029331857244    2.246075915886099e-05
        27.25000000000000     0.002165973706186544    2.379433309150854e-05
        27.35000038146973     0.002191010449318933    2.064470604108204e-05
        27.44799995422363     0.002145539385278057    2.241540407151166e-05
        27.54899978637695     0.002159344626377758    2.339095036061036e-05
        27.64900016784668     0.002095152583632663    1.960522033853486e-05
        27.75099945068359     0.002030793963411913    2.172591013829997e-05
        27.85300064086914     0.002044963351385711    2.169836052802169e-05
        27.94899940490723     0.002004193692516074    1.961282262821971e-05
        28.05100059509277     0.002051535719373756    2.171316959745369e-05
        28.14999961853027     0.002194675817530411    2.371404658964161e-05
        28.24799919128418     0.002373680799992708    2.271887157401974e-05
        28.35000038146973     0.002713561280466833    2.659873775000873e-05
        28.45199966430664     0.003146762531464477    2.849147545381497e-05
        28.55100059509277     0.003778836684331664    2.847587573643396e-05
        28.64800071716309     0.004625739598119924    3.285119180864517e-05
        28.75200080871582     0.005534768595396290    3.496874274019614e-05
        28.85199928283691     0.006494828240763287    3.643067911833132e-05
        28.94899940490723     0.007426327894794670    4.052588474965952e-05
        29.05100059509277     0.007780748132528885    4.143462002911071e-05
        29.15099906921387     0.008183654467698422    3.961201249905781e-05
        29.24900054931641     0.007907770618190025    4.235886170965111e-05
        29.35199928283691     0.006874436854383517    3.913936818198783e-05
        29.45000076293945     0.006853709465723837    3.733784023500151e-05
        29.54899978637695     0.005891145500965675    3.715694544723943e-05
        29.64900016784668     0.005441276211213193    3.760334533377144e-05
        29.74799919128418     0.005274937571786723    3.375492722320393e-05
        29.84900093078613     0.004301530845417490    3.297720244329841e-05
        29.95000076293945     0.003756172415208407    3.243959781339782e-05
        30.04599952697754     0.003404587892293220    2.793931999196965e-05
        30.14999961853027     0.002820817678864258    2.749521696926584e-05
        30.25399971008301     0.002577550595829742    2.597580228148511e-05
        30.34900093078613     0.002216639025495305    2.366465367829252e-05
        30.45000076293945     0.002091889076450748    2.441366769707767e-05
        30.55299949645996     0.001921720266959224    2.238013689033350e-05
        30.64800071716309     0.001888745170129908    2.218939432542930e-05
        30.75000000000000     0.001779758916928266    2.294584396980813e-05
        30.84900093078613     0.001813214026665554    2.417345692216918e-05
        30.95199966430664     0.001752451338471034    2.194864010756657e-05
        31.04899978637695     0.001806720205650470    2.269614894948793e-05
        31.15099906921387     0.001792717834723640    2.440842842837664e-05
        31.25200080871582     0.001860961345987528    2.229305243390996e-05
        31.35099983215332     0.001882708298884136    2.378824804373721e-05
        31.45000076293945     0.002010512288249378    2.628421893954079e-05
        31.54899978637695     0.002116715642112578    2.363392966826050e-05
        31.64900016784668     0.002150786046457345    2.558472084618978e-05
        31.75000000000000     0.002213611613192161    2.766309157301894e-05
        31.84700012207031     0.002234875169094377    2.415426788321223e-05
        31.95000076293945     0.002232840276190427    2.715923950423814e-05
        32.05300140380859     0.002064714452356409    2.657871946819599e-05
        32.14699935913086     0.002069807059593195    2.434067182268052e-05
        32.25099945068359     0.001914260428645464    2.598687348446483e-05
        32.35599899291992     0.001887195021323357    2.482505933664478e-05
        32.44900131225586     0.001790034858958169    2.377595249615110e-05
        32.54999923706055     0.001747034381581811    2.535734319520046e-05
        32.65499877929688     0.001717177410992681    2.321908702060947e-05
        32.74900054931641     0.001789847959620397    2.472718366832585e-05
        32.84999847412109     0.001765691113722115    2.572044362104332e-05
        32.95500183105469     0.001867658556149716    2.397808097846727e-05
        33.04999923706055     0.001885630339072937    2.578157705504702e-05
        33.14899826049805     0.001963917391677377    2.826012017213319e-05
        33.24900054931641     0.001958634319663391    2.875197026904697e-05
        33.34999847412109     0.002014582357318538    2.602176497184680e-05
        33.44800186157227     0.002002559300725405    2.839630842490810e-05
        33.54600143432617     0.002054303796583883    3.028413111525404e-05
        33.64699935913086     0.002000478757125170    2.470392513753590e-05
        33.74900054931641     0.002035407408662751    2.895258353436338e-05
        33.84899902343750     0.002039536906479155    3.004032321922533e-05
        33.94599914550781     0.002065818488454378    2.502927507486304e-05
        34.04899978637695     0.002078246799838374    3.039394354993063e-05
        34.15499877929688     0.002076405111850335    2.809037452042191e-05
        34.24800109863281     0.002096698584320200    2.751262047693376e-05
        34.34799957275391     0.002068708185004907    3.066014689052708e-05
        34.45500183105469     0.001995363606242174    2.697650228407062e-05
        34.54899978637695     0.001957692831355058    2.807480356294226e-05
        34.64699935913086     0.001981153713950111    3.075423483722562e-05
        34.75299835205078     0.002002806504194378    2.597802945201303e-05
        34.84999847412109     0.001978829073731719    2.782030572637707e-05
        34.95000076293945     0.001972849310543465    3.060316017162390e-05
        35.05199813842773     0.002082819890533265    2.658384605922590e-05
        35.14899826049805     0.002118805732113745    2.945603868695347e-05
        35.25000000000000     0.002150230329431953    3.233337373209927e-05
        35.34999847412109     0.002172012403600915    2.699183545988611e-05
        35.44800186157227     0.002283699408788867    3.121971902997328e-05
        35.54899978637695     0.002281504280044951    3.276349114888285e-05
        35.65700149536133     0.002368618929659442    3.189908144203532e-05
        35.74599838256836     0.002365733718278193    3.006639184390849e-05
        35.84799957275391     0.002454404779792596    3.346672143761187e-05
        35.95700073242188     0.002516588301414675    2.980701103677472e-05
        36.04800033569336     0.002588266281659364    3.148135310122636e-05
        36.14899826049805     0.003043940779084893    3.645378338050239e-05
        36.25600051879883     0.003645786032105003    3.461824074848583e-05
        36.34999847412109     0.004881946525715736    4.521085484464424e-05
        36.44800186157227     0.007225493048333025    5.752397261926309e-05
        36.55300140380859      0.01077608286008553    5.955889886471636e-05
        36.64799880981445      0.01788347153602486    8.619954178881815e-05
        36.74800109863281      0.02597570668524095    0.0001076585825335817
        36.85200119018555      0.03727072496520941    0.0001092108113613589
        36.94800186157227      0.04950888190645214    0.0001467191130784811
        37.04700088500977      0.05731266413139918    0.0001614964391234261
        37.14899826049805      0.06221403289252252    0.0001407107802810302
        37.24800109863281      0.06424988323603494    0.0001740950167963411
        37.34700012207031      0.06020023135848851    0.0001684880608007674
        37.44400024414062      0.05156323939198565    0.0001290871500066789
        37.54899978637695      0.04138865130133389    0.0001399531764988582
        37.65499877929688      0.02888205883795101    0.0001073012418440617
        37.74599838256836      0.01955738224283551    8.556505172908555e-05
        37.84899902343750      0.01103643388823440    7.159906292533934e-05
        37.94900131225586     0.006636283729707203    5.660224408641360e-05
        38.05300140380859     0.004553445944485388    4.214698137305283e-05
        38.14599990844727     0.003190675269200235    3.616344956247292e-05
        38.24900054931641     0.002471765529166987    3.322856910531471e-05
        38.35400009155273     0.002168549095650941    2.802724937701605e-05
        38.44800186157227     0.001996844795567795    2.849903232911097e-05
        38.54899978637695     0.001985221373950196    3.076915782014814e-05
        38.65100097656250     0.001937938314805651    2.543544292608620e-05
        38.74800109863281     0.001934691070235666    2.875249109934167e-05
        38.84799957275391     0.001942565549012213    3.029396636783748e-05
        38.94599914550781     0.001885347676310101    2.515331847712975e-05
        39.04800033569336     0.001959629829081577    3.007435192402746e-05
        39.15299987792969     0.001945281154718998    2.905457324619646e-05
        39.24499893188477     0.001941068734731822    2.631211418415974e-05
        39.34799957275391     0.001955554417150364    2.997292795648063e-05
        39.45600128173828     0.002023207740344706    2.822221296458759e-05
        39.54600143432617     0.002015262204437716    2.840573854291103e-05
        39.64899826049805     0.002038173511624222    3.002670447029571e-05
        39.75799942016602     0.002144079536845338    2.821957441858875e-05
        39.84799957275391     0.002211357935483842    3.026160291588376e-05
        39.94900131225586     0.002305983921076626    3.179890543318041e-05
        40.05599975585938     0.002471153789501716    2.875919289431127e-05
        40.14899826049805     0.002596779990172773    3.238990724733686e-05
        40.24900054931641     0.002679099787435177    3.401173738825290e-05
        40.35200119018555     0.002781156934744847    3.710515923748736e-05
        40.45199966430664     0.002706952938741971    3.075379121716267e-05
        40.54899978637695     0.002801085196734943    3.412104390743450e-05
        40.65100097656250     0.002791142875291797    3.592072852134202e-05
        40.74599838256836     0.002737792020730919    2.926010493176607e-05
        40.84799957275391     0.002936413159743190    3.519802369112221e-05
        40.95100021362305     0.003225828087610942    3.952920199866665e-05
        41.04199981689453     0.003398903040590560    3.242868421157574e-05
        41.14599990844727     0.004002386058263772    4.194975177819130e-05
        41.25500106811523     0.004525339565350983    4.245798760497091e-05
        41.34500122070312     0.004998167917505254    4.215895805108514e-05
        41.44800186157227     0.005732945798017900    5.096618037176236e-05
        41.55599975585938     0.006862251383234983    5.088046955436149e-05
        41.64799880981445     0.007767739824940967    5.445990210319897e-05
        41.74800109863281     0.008779372135234716    6.407997601271472e-05
        41.85400009155273     0.009807894686720855    5.941112836728039e-05
        41.94800186157227      0.01051477533396167    6.406601207954973e-05
        42.04999923706055      0.01092938036357200    6.979869696615649e-05
        42.15299987792969      0.01146339499969721    6.159664596797445e-05
        42.24800109863281      0.01132538853879141    6.713589335305490e-05
        42.35100173950195      0.01109647481700693    6.995186833634226e-05
        42.45000076293945      0.01068704857805568    6.011643300360214e-05
        42.54899978637695     0.009951508758880191    6.549533250073477e-05
        42.65100097656250     0.009090931941283189    6.565108384457812e-05
        42.75600051879883     0.008608370408399874    6.146422763862837e-05
        42.84600067138672     0.008809285686552737    5.740368398049269e-05
        42.95000076293945      0.01169335473438066    7.198601233690656e-05
        43.05799865722656      0.01500964634915474    7.400579316170679e-05
        43.14799880981445      0.02222194923489712    9.489704468394361e-05
        43.25099945068359      0.03564023031664475    0.0001267176621655670
        43.35699844360352      0.04974543433780683    0.0001342356564649620
        43.44800186157227      0.07659025590356074    0.0001805650559907978
        43.55099868774414       0.1140617133988614    0.0002323147548233200
        43.65399932861328       0.1382877227604429    0.0002259711651288149
        43.74800109863281       0.1778719867109307    0.0002882598497116281
        43.84999847412109       0.2047264913640257    0.0003220718412916790
        43.95000076293945       0.1884491549253337    0.0002578131284319676
        44.04800033569336       0.1944171111837973    0.0002974331319593269
        44.15100097656250       0.1788578153738837    0.0003045159723002406
        44.24599838256836       0.1356428732559525    0.0002172031525939353
        44.34799957275391       0.1045587732193764    0.0002172006186231195
        44.45399856567383      0.07016196850017715    0.0001901704679265523
        44.54399871826172      0.04044506615413940    0.0001212808046644937
        44.64899826049805      0.02287611153217014    0.0001035893355644584
        44.75799942016602      0.01240863717875054    7.258773133725706e-05
        44.84799957275391     0.008788169955321728    5.868876973801078e-05
        44.94900131225586     0.007729948611307506    6.113164692698958e-05
        45.04800033569336     0.007139238195798807    6.155348412792880e-05
        45.14899826049805     0.007557505216894294    6.701913181091375e-05
        45.25000000000000     0.009108398773150003    7.522780901413721e-05
        45.34899902343750      0.01153590371593050    8.466171000865148e-05
        45.45700073242188      0.01433526472265939    7.655292091101384e-05
        45.54800033569336      0.01868417945542761    9.050757873473337e-05
        45.64799880981445      0.02372646632890381    0.0001133984336063440
        45.75199890136719      0.02782151684175691    0.0001080267349996159
        45.84899902343750      0.03101519904721443    0.0001273670306407812
        45.94900131225586      0.03176741183667834    0.0001365106349365628
        46.04999923706055      0.03120730049861905    0.0001061502827796122
        46.14899826049805      0.02975971246748876    0.0001219866009934312
        46.25000000000000      0.02357680730784256    0.0001131956560155597
        46.34799957275391      0.02062232813675266    9.092304494760352e-05
        46.45000076293945      0.01444467125093792    8.978807271817686e-05
        46.54999923706055     0.009407944892340953    7.353472178659316e-05
        46.64300155639648     0.006743352126738327    4.881733734665699e-05
        46.75000000000000     0.004085138029248416    4.661234587392103e-05
        46.85699844360352     0.003316464959893181    3.859303748516276e-05
        46.94599914550781     0.002804163265372926    3.520807754069207e-05
        47.04999923706055     0.002481181993328856    3.664278417424077e-05
        47.15700149536133     0.002275287968835721    3.125095139013393e-05
        47.24700164794922     0.002132702579860088    3.127075730319715e-05
        47.34899902343750     0.002049181473146123    3.346315492602594e-05
        47.45500183105469     0.002158882990161917    2.968526424354373e-05
        47.54899978637695     0.002135570379031549    3.207656686454137e-05
        47.65000152587891     0.002145784447874884    3.488321972976838e-05
        47.74900054931641     0.002186236495924243    3.710787921672132e-05
        47.85599899291992     0.002266522639951148    2.998496126029143e-05
        47.94900131225586     0.002298711377680078    3.228363621365554e-05
        48.04999923706055     0.002322525303113123    3.408768779790781e-05
        48.15000152587891     0.002398589033034484    2.910903249391279e-05
        48.25000000000000     0.002495944008707317    3.337609748431594e-05
        48.34999847412109     0.002635341293780016    3.706746133423335e-05
        48.44599914550781     0.002719502101662190    3.098033416917147e-05
        48.54800033569336     0.002994258631906185    3.753930037750837e-05
        48.65299987792969     0.003324398017918393    3.912970975609093e-05
        48.74399948120117     0.003659241517731117    3.612854130364406e-05
        48.84899902343750     0.004328486517415890    4.385579050231675e-05
        48.95800018310547     0.005099562236228765    4.495659035736168e-05
        49.04899978637695     0.006010835258330863    4.788989826932325e-05
        49.14899826049805     0.007347408247508290    5.799225830875671e-05
        49.25699996948242     0.008930638240024906    5.749716875885588e-05
        49.34999847412109      0.01033599229633373    6.616693532159021e-05
        49.44900131225586      0.01190345350788051    7.318245303303543e-05
        49.55500030517578      0.01352536930818433    7.037436608040914e-05
        49.65000152587891      0.01447874124181451    7.953403800842209e-05
        49.74900054931641      0.01467152655459528    8.255440381112036e-05
        49.85200119018555      0.01469153526917485    7.080392144775235e-05
        49.94900131225586      0.01428837759751077    7.958019075282993e-05
        50.04800033569336      0.01290924047347933    7.649232352347979e-05
        50.15700149536133      0.01103864328379664    7.424573230729500e-05
        50.24599838256836     0.009670905461573984    5.950247664864566e-05
        50.34700012207031     0.007454883094071807    5.483432299766067e-05
        50.45700073242188     0.005488371313088909    4.730281640255087e-05
        50.54800033569336     0.004299270534404595    4.160211653168090e-05
        50.64799880981445     0.003379261394274310    3.892353013172321e-05
        50.75600051879883     0.002849192702611968    3.314231561910181e-05
        50.84899902343750     0.002552486407604357    3.203949922255105e-05
        50.95000076293945     0.002389598404065640    3.307172793663743e-05
        51.05500030517578     0.002506624479009192    2.962445999708346e-05
        51.14899826049805     0.002492842420271729    3.182879585523543e-05
        51.24800109863281     0.002631301589472397    3.517393404952586e-05
        51.35200119018555     0.002788127204084289    3.140394409978979e-05
        51.44800186157227     0.003038140237667554    3.673580313561219e-05
        51.54700088500977     0.003208491982549702    4.008170508094432e-05
        51.64799880981445     0.003926042967390951    3.651309297574528e-05
        51.74900054931641     0.004307277099605217    4.284430440105194e-05
        51.84899902343750     0.004729142161952400    5.118682963419477e-05
        51.94400024414062     0.005521902074488474    4.101540025343717e-05
        52.04899978637695     0.005672343385031237    5.042278352266538e-05
        52.15599822998047     0.006357995741973036    5.220281250852449e-05
        52.24800109863281     0.006481513430233102    4.895478116001555e-05
        52.34999847412109     0.006018327521001191    5.276865576977377e-05
        52.44800186157227     0.005650145061778808    5.779110792712770e-05
        52.55599975585938     0.007123085159714174    5.331199384312251e-05
        52.64899826049805     0.005342917710148762    4.855738905239383e-05
        52.74800109863281     0.004583433020026942    4.980917103009930e-05
        52.85200119018555     0.007310921736454964    4.996615199656147e-05
        52.94800186157227     0.005218094434126151    4.738780880210720e-05
        53.04700088500977     0.005605960428173629    5.459834895518511e-05
        53.14799880981445     0.008444234161658513    5.447071963230883e-05
        53.24900054931641     0.008583507786642007    6.197740581387922e-05
        53.35200119018555      0.01009860913842072    7.225323183301267e-05
        53.44599914550781      0.01172079905249006    6.316902949598571e-05
        53.54899978637695      0.01222691486427822    7.295384581391185e-05
        53.65800094604492      0.01283794492190584    7.399150762156376e-05
        53.74900054931641      0.01294532047309637    7.218656506415392e-05
        53.84799957275391      0.01174054270357764    7.258737653470981e-05
        53.95800018310547      0.01072704140830070    6.527309829423982e-05
        54.04899978637695     0.009131864997930386    6.079053229466189e-05
        54.14899826049805     0.007414683902498459    5.820058402567652e-05
        54.25600051879883     0.005702961235651499    4.609965799432207e-05
        54.34899902343750     0.004698589027369246    4.391485189648348e-05
        54.44800186157227     0.003773613847821029    4.274917198697409e-05
        54.55300140380859     0.003200292847790445    3.351453894000621e-05
        54.64799880981445     0.002758277150825330    3.359720728331017e-05
        54.74800109863281     0.002495181205717571    3.544061980674977e-05
        54.84999847412109     0.002316323477404169    3.918150568638837e-05
        54.94300079345703     0.002263310608863158    3.657278243338211e-05
        55.04899978637695     0.002299637162057786    3.711161062701682e-05
        55.15700149536133     0.002311291702205138    3.858658910102829e-05
        55.24599838256836     0.002364360877674956    3.987477620387907e-05
        55.34899902343750     0.002247982897692447    4.324286925472209e-05
        55.45999908447266     0.002253808297931529    4.329904141050367e-05
        55.54899978637695     0.002157053349436318    4.593870045551407e-05
        55.64799880981445     0.002058663924868807    4.715483201466032e-05
        55.75899887084961     0.001988088986477919    4.857454620062494e-05
        55.84799957275391     0.002054103717870560    5.268313238116830e-05
        55.94599914550781     0.002062124495416043    5.797119746055531e-05
        56.05500030517578     0.001933612113349645    5.723257600937192e-05
        56.14699935913086     0.002000441394626246    6.228682857552610e-05
        56.24599838256836     0.001739164054525590    6.695548710933864e-05
        56.35200119018555     0.001860721920123357    7.044628613534679e-05
        56.44800186157227     0.001925533564502398    9.765309573028451e-05
        56.54399871826172     0.001914119948497536    0.0001019030539617061
        56.64599990844727     0.001674666560613308    0.0001181488449135903
